3360
2262
8126
9346
2859
6352
8568
6152
6165
2824
2295
4867
7900
3729
5446
1537
9333
378
975
3336
9991
2929
7607
4308
3612
2845
8708
4223
8536
5141
1266
5153
8360
6636
1334
9603
1594
3435
8810
4434
7720
6631
4399
6091
2034
5368
9152
2259
7366
2556
1504
3689
4818
6771
5543
7864
5221
7583
5205
1650
1842
3606
261
5059
7074
437
7114
2130
3260
1487
1759
1490
8955
8756
3814
7166
4542
3093
6730
1058
9675
9777
5610
7279
6499
2817
6289
4576
7258
9153
9152
5426
1048
445
8470
6485
4292
1977
8932
69
5880
6244
8310
4502
8104
7849
3247
9863
940
1018
2548
3635
1259
8339
4640
5720
2164
8358
6672
3659
4325
365
6909
9266
6294
1027
5547
329
9818
9222
8808
7090
4507
6220
9450
3996
3738
9507
7764
5444
595
3243
1879
4006
7466
8897
1850
7035
1005
9570
8558
57
1574
5675
8338
2483
719
2953
5078
4569
3951
1385
4661
1708
5263
5127
383
8079
621
6376
6755
2165
9001
2113
6601
2583
3935
1955
3660
8410
7908
8018
8854
2066
6993
536
9669
1368
1913
6719
3305
9554
4690
3055
4783
8837
9233
116
2280
7937
323
3517
2004
7343
2508
9926
2505
7034
5932
6792
6701
9658
9204
8546
5302
7975
2011
4864
1459
270
7249
9966
8403
631
4487
3150
9401
4809
564
6766
201
7355
5903
6570
9294
3630
8971
6373
2634
4798
1707
5575
3430
2879
1387
2345
995
4663
993
6498
4235
127
4850
4322
4305
8411
6233
7100
4195
5706
6571
7834
4287
5749
4185
6845
7765
590
4321
7958
7934
9387
4581
406
6302
367
9142
3067
5214
5092
6211
5547
5702
9780
1615
6351
8603
3757
1219
2057
9918
6264
3179
6508
6296
7174
7177
4326
9599
5005
3180
1958
2237
8761
415
9263
3153
8230
7695
6182
4470
3527
4131
8662
3758
1561
1157
5499
3188
98
1299
1201
189
1063
9550
6537
2055
3835
3037
9237
8440
9717
4348
4398
6041
1270
5496
5815
7915
8754
9166
1771
5548
6754
1785
9922
2356
1005
5733
5794
5603
4735
9255
9278
3924
8855
7970
9720
6883
2366
8073
5610
7759
3027
2032
3584
4148
8446
1494
9463
7573
8763
4835
1807
9346
4254
1727
5763
5151
1890
3223
5310
8545
841
6800
8123
5324
1191
2325
5858
2881
2619
8978
7725
671
6486
7983
5427
7705
3124
8812
469
6437
4325
3051
7428
388
4064
8164
7128
193
3279
5117
610
2523
9686
676
5176
6738
648
2776
5407
5392
5931
1461
2630
6624
436
9914
530
5007
1834
8325
1732
8332
3683
1342
3296
8692
6168
8415
3141
2941
7830
6972
7017
9159
9430
8378
4361
5427
2304
9819
2940
8060
4742
3252
230
4273
6826
4933
1136
1430
4600
68
7440
7465
2342
2784
9802
4339
4284
3389
6334
5278
5036
2600
1332
8253
9323
9113
3658
4074
4698
7776
9157
3153
4612
7756
2474
8460
5192
8583
4512
8271
4603
4211
8104
8098
1992
6155
1381
2150
9347
7150
4328
4972
798
3377
4434
7769
3604
6294
5697
1383
4896
9391
68
8391
6997
7677
1330
7956
7033
4751
2740
1655
7603
644
3349
6081
2774
1442
3501
162
5838
273
4000
9258
1527
1254
938
2463
7827
3027
2696
1558
2999
1852
6484
419
687
4419
8814
9306
5961
1624
4652
7501
2823
5267
844
2510
9271
3816
7666
2561
2573
5548
3035
7386
6506
1850
919
1763
7969
6438
8749
4647
760
1429
7913
9041
4177
3112
7973
8991
5196
887
3078
3667
1216
7552
7170
2135
3653
5143
6843
3524
402
6178
5398
4679
1167
4627
2052
2213
1914
8322
1282
4026
2270
5814
4369
4815
311
7197
3131
4124
1528
2226
2726
5348
2547
6107
5840
2208
6183
2483
8976
1224
1214
5101
1562
9406
6104
3219
1597
45
8651
1112
8758
7303
6275
9567
952
121
8
6222
2925
7549
6892
1012
3903
7083
7968
7659
528
7971
1648
9793
5149
6754
9921
8153
4704
1959
6054
5606
8817
1640
7327
1085
519
5523
4265
1710
713
9979
8311
7594
3397
5445
1774
9677
6679
8890
7861
4458
8439
32
4720
111
2877
4713
2369
1047
7922
6178
4124
3588
6536
8953
3484
8807
1444
2697
5165
1470
2499
4664
5595
1516
9757
2328
3811
8757
3228
1740
1565
1007
1555
215
9359
3799
2709
3385
3433
4767
5206
5393
5564
3804
2759
8106
7784
1752
7928
6111
4581
4724
546
4735
9035
4700
1408
5162
5349
1337
2636
3450
9990
1085
5922
338
5132
950
2549
8966
6978
3703
471
656
664
5450
9312
5835
7664
9083
7888
3261
4657
2063
3122
717
9044
2778
6583
3260
4231
6559
8829
5232
3656
3101
424
7715
7471
8844
8268
3670
3352
3967
2981
4920
1436
5875
33
8674
6082
9900
806
1772
8338
6831
6747
4355
8620
2770
6262
6237
763
8651
8115
2887
740
1808
4157
3211
4885
2020
2275
7138
45
3127
2837
7937
9379
8515
1601
4637
8037
5757
3972
3451
9578
5098
7165
6459
957
5087
7955
8477
595
3585
3226
1579
2358
9173
2704
6165
590
463
2621
4411
7441
2175
286
137
6596
1007
9568
5733
8942
2950
2950
7177
2250
1298
3917
1527
1270
6861
6614
4471
5813
4045
3245
3559
7755
9139
3382
5076
1757
198
2611
2621
3248
3316
3099
8394
8503
7265
5172
7224
7504
4821
4277
9813
7137
7381
9337
429
9226
8373
6645
9283
6353
2176
7154
8071
7382
3374
5426
8804
3912
8563
3309
110
1136
832
7204
3540
7432
660
8524
8232
6421
1136
8701
216
3941
707
3404
1715
6232
7315
2591
4985
6840
5479
1641
6296
325
6727
5821
9332
3716
8715
7637
2303
3203
2909
1926
1415
5805
2675
8812
8385
2511
4535
5184
1595
5290
6372
4786
2750
1143
1548
8380
3965
3632
3679
3411
7695
9391
3815
3067
9227
3801
9012
7957
4015
7325
7587
5908
6260
8193
1702
8015
1576
2755
7380
3764
4756
3742
5070
2241
1220
43
8447
9888
4860
2033
4363
7254
7386
8781
2861
385
8758
6450
1444
3569
4174
3392
4673
671
1769
3193
1361
8018
9563
8381
2615
348
362
2988
7685
1730
8657
1489
5050
3182
4775
4496
1855
2219
168
8069
9158
4248
2394
2270
2908
2151
7012
9179
8893
4476
3603
613
7483
5326
9884
1086
2644
9746
2853
6156
1468
6159
6903
9528
2458
6914
932
7655
8827
3750
3612
1701
8109
4624
3568
5429
7464
2059
2275
9349
7132
432
8195
6884
143
9702
3751
3309
4057
7744
7939
4582
5427
9267
9733
7709
9406
4086
375
9139
7836
9162
5224
9038
653
4029
1110
6704
2550
3682
8293
8328
8117
6185
1359
7878
8362
8
8164
234
5847
8652
8792
5200
6737
3225
4623
3247
1361
9612
882
1946
6516
5683
9940
8072
7020
9311
6529
542
3006
3503
8821
5332
369
8725
5061
4995
8850
2187
2924
1096
5381
1967
4554
7235
9006
5244
517
5745
3350
2556
8668
7212
7764
8729
5633
8243
9502
357
2321
505
6889
8489
2088
1512
7654
4602
6695
2575
7403
929
944
9943
815
6885
5723
6429
7552
1148
4138
242
8713
6916
1834
5066
9842
5891
2976
5087
2638
4882
2571
2326
5637
8291
9658
4651
6966
5254
6584
4621
3213
1784
2900
337
4190
9425
3791
5051
3600
3824
3036
5426
5648
5582
8284
3877
8736
2380
4469
1950
509
1668
5398
1241
7984
9605
3
1529
1676
8201
3922
6982
5710
2596
6554
7078
1947
832
5913
8697
9044
9485
7521
4179
3307
4225
8524
2755
4506
5138
9095
8830
6698
7551
4395
7482
9244
1125
8126
937
2070
4485
1636
5485
2235
8226
93
1013
8497
5383
9898
8379
7502
3503
2132
3197
9539
8258
6179
2113
8227
9972
6974
6158
3750
7344
4444
9622
8606
9921
9559
1934
1451
5081
3505
514
382
12
8919
440
601
4426
4952
980
3972
8029
3184
9693
7575
1118
8906
1533
6861
2088
9561
3350
8414
6164
4844
7796
6793
4121
5242
9768
7170
8923
379
2997
9127
8232
2818
2395
9089
7767
4099
8982
2102
4565
5326
1664
75
3563
3733
1029
2198
7587
1981
8321
6069
2601
2028
292
141
5431
1786
5849
7308
8996
9551
6273
2210
9805
3483
8377
1392
4137
6196
4446
6274
7855
3995
9138
8620
1282
1831
3580
8149
2163
1225
5622
6598
3613
587
7046
215
9227
9833
3870
1223
3541
1816
2948
7821
1897
5963
9439
6203
5280
1438
5824
6568
8229
6492
2423
5086
5427
1245
7130
8047
9837
1938
5151
6015
5269
9827
7970
6156
3978
8206
6282
3694
4977
9832
4600
2340
2585
5515
924
6674
5287
936
6598
3056
7559
8776
1262
9757
6982
1389
621
3677
8155
5572
4623
5316
1528
4626
1570
3035
8651
3187
4227
770
6236
2881
3077
8478
9349
8741
7345
1139
2014
156
1283
1301
1285
432
302
6975
3970
3912
9231
9726
8498
2245
4773
9929
6400
5866
9714
3049
7916
8849
981
1165
8654
3409
3812
2462
1618
1913
9244
3399
2587
4395
406
6748
2188
5086
8766
9566
4359
8563
9909
2761
5023
2903
7528
5723
2888
9993
7602
669
1670
9234
6522
3903
4551
9870
648
7474
293
7132
2382
2488
66
56
1213
4357
1164
3909
864
3237
8660
5415
4559
3313
3377
5274
5695
6867
2272
2360
8235
8282
7055
4780
7311
9255
7102
7773
3883
9576
5201
4566
3328
4747
1411
1312
6899
7445
4524
8389
8457
2214
2937
1905
1556
8881
2781
2891
9873
6110
4015
6816
8558
2651
9963
7458
1070
6506
9895
9256
7807
4838
5551
3303
5875
6259
19
5654
9413
4652
5700
7855
7175
9130
860
6538
9932
10
7663
3989
6328
3832
3075
4445
2289
2008
2147
6612
1047
8213
7650
197
2512
2107
3457
2
5692
5074
5067
5712
8850
5818
957
249
6309
7879
4392
5037
2013
1150
3728
3775
4276
4200
3726
9113
1278
4599
2434
3999
9232
4577
2459
2860
3957
3188
6295
4711
1012
6661
3206
7693
2140
7923
4864
3407
243
7477
3326
9491
1416
1654
331
7284
8309
2411
5841
2517
2506
3854
4587
1700
3106
2454
8495
6601
4210
7022
1466
2065
337
3294
1615
1989
1089
6810
1913
4698
1616
8412
2358
428
6937
9026
3957
7379
986
5506
2847
2533
7324
3683
2689
9479
1779
20
8587
8340
117
9951
1406
8893
6993
584
8572
6622
8754
5245
6074
5018
4537
5662
5059
6504
9478
1896
842
9000
3973
8794
7137
6749
1754
1951
2360
5255
7318
4023
5997
290
5404
5279
7937
5728
2015
6385
7581
2610
5050
4361
3641
6079
3503
9761
3798
2379
3560
3065
6296
2259
762
2443
5056
4330
3873
7168
3934
1958
7095
6507
8466
3310
7576
8491
2351
8621
1885
7143
2673
1057
8106
6350
9920
6492
6765
9578
4378
4660
5886
9928
5708
5346
8997
8149
5566
892
3719
7154
7692
9897
1671
689
5955
578
2932
368
6040
6329
7896
6002
6423
4456
9959
9778
6552
3139
2990
8611
4366
9887
1784
4829
5179
3016
4865
1773
7221
7166
6208
9744
4009
4275
8776
9129
7031
2331
9209
1172
3328
8551
1085
7583
1113
9093
7434
8107
7681
3987
3682
661
4565
7439
8540
1163
3426
7835
2929
5502
8841
7216
4195
4972
241
6351
8768
836
4649
8785
1206
9547
8821
3352
839
5829
1999
8007
9872
5089
1279
3467
630
6547
4762
1314
491
9380
7593
4923
9224
1058
2312
5304
6966
4020
4012
8164
4928
8696
3930
8976
7338
743
6339
1278
2379
4778
4736
6773
1849
391
3280
5552
2411
2214
4217
1993
7126
1851
5502
1943
9450
5853
2748
4216
8630
1490
9621
9736
5765
3898
9057
7335
434
3718
6378
8536
1127
6360
9713
7128
7737
9644
3036
7512
2131
2652
3465
9097
22
4462
175
236
185
1348
7060
7492
1322
5047
6463
8265
4736
1601
2513
8528
5053
3718
5912
2725
164
894
9011
1485
6064
9957
4020
8573
8735
7793
3650
1904
1502
3623
2429
2793
8332
453
387
7682
1946
6720
9555
4111
5340
8554
6723
9014
4504
9835
6638
7540
5488
1488
2638
450
7560
5850
2937
5707
5759
227
9618
4814
7799
7290
3638
6583
2828
827
2864
1054
3237
6075
1292
9776
393
2092
830
4393
3388
7697
377
1654
2363
3437
922
4604
490
6950
9769
1348
2208
6564
3673
8937
1439
9138
9920
4843
505
2408
7195
9091
8669
3282
3170
5759
9837
7614
887
3383
2266
8768
7882
5241
3469
3047
2529
6612
1748
9763
7790
831
1860
217
5498
285
2331
1184
1948
5992
8487
428
1077
8073
102
7930
8287
1351
5610
4073
1839
5745
5671
4620
2457
959
406
594
1032
7086
552
6543
7463
4262
185
6066
5707
3251
7143
6047
5746
5287
7964
1303
8492
6057
5087
8090
9310
1386
2721
1711
3864
6136
7083
4645
3376
118
3160
2702
2413
7899
9565
7679
1356
308
9038
4374
8903
6097
8415
1463
8074
3408
1711
1682
1486
1167
4883
8350
4037
381
8875
5157
1734
8856
4074
5478
9722
6386
8611
4134
4245
7911
9754
1259
572
507
23
7609
557
3479
9109
3671
3853
1424
5425
1438
423
3935
797
724
3242
7234
6358
9738
8351
5291
1777
8975
5170
8158
5776
9995
4430
170
4931
6535
4735
7296
6595
2178
9635
7143
949
641
8970
3418
3825
7137
3869
6581
4593
4498
6700
5860
5967
847
1826
9903
209
1076
52
1954
9997
4459
5159
817
4020
2121
6987
3818
9506
8743
3595
8410
4630
7828
9432
6374
3986
4218
1390
7444
5496
4491
6315
1938
9402
449
2621
2288
6531
5719
1948
1836
631
5751
4365
9765
6342
2341
7151
9161
7228
8515
4133
1467
9088
6313
294
2797
8231
4936
4792
8071
3672
423
7504
9493
9541
309
5429
407
7205
4565
8980
6487
6097
3476
9582
4817
2261
8380
6235
3151
6257
736
8582
2448
5189
2860
8716
7133
2210
9251
1835
5938
8129
9739
6613
9720
106
1652
4558
2343
4030
4514
3113
8643
2727
1219
1788
9500
5933
1988
9251
3094
9040
470
5080
2998
1588
4892
2181
256
5976
9230
561
4518
4120
3656
9314
8854
4137
1848
7126
1112
2955
3576
3733
4952
3487
6228
2404
7935
9751
9438
5935
3740
6101
9276
2044
8820
8835
106
1764
5161
6728
8823
3318
9754
5401
4547
812
3913
3799
9719
6876
4769
4757
5706
8179
270
3618
9999
2367
497
3002
1463
2041
6979
6397
4741
371
8464
2641
634
8807
1169
8302
1144
9203
3567
5707
6770
713
6957
6712
6132
4686
6814
3276
9046
8589
2678
6884
1824
4512
531
8874
236
5550
1041
6630
3237
9023
1670
943
5513
6648
4448
6086
1075
3498
3446
3091
8050
7379
7245
2076
8583
7747
4297
8084
6180
137
4916
6664
5174
4348
3659
2574
991
1124
8734
3781
6642
3375
8322
9507
2900
3079
3546
3564
4041
6445
9221
4819
9202
540
7888
1356
763
812
3172
410
530
1833
420
8167
3305
6038
6455
6713
6502
7480
5147
4669
4426
3121
6045
645
5213
7029
9613
6899
2530
833
3978
5418
682
2927
1449
8106
2272
7697
3438
5808
6534
7171
203
8509
2632
2863
1233
7845
6092
7022
4929
4944
3497
4262
3607
9984
4367
7452
213
825
4499
8271
6745
2228
776
8921
3874
8248
6887
101
5133
2094
2248
6790
2189
4338
1015
2105
7557
5073
6622
6432
3547
4790
7281
8209
8487
7636
1183
5153
7733
8675
7170
128
1662
401
8974
5298
8953
2540
8311
151
1554
3153
1184
9114
3721
3614
5291
8883
7787
519
8217
8797
8375
9961
1535
3376
492
8985
2935
589
2735
8552
8022
5400
5085
1961
3669
93
4564
5249
4174
2892
1225
8811
3540
3701
9500
9256
6326
639
6272
1938
8418
4387
3469
8757
8340
8475
9092
1265
2108
2740
9185
3390
3232
3695
5980
6706
2986
5228
6932
139
3694
7363
6831
7793
4814
1005
1573
5874
3237
6188
7908
4966
7527
9570
1018
8402
4158
5921
7756
8072
472
5660
3566
185
5398
9475
5902
853
5652
6967
8029
6233
9471
313
9337
5628
2050
5310
9877
2671
7978
904
1694
3681
5936
7437
6863
7374
9165
3273
4422
6328
7683
4600
4898
5758
5409
5515
6758
7198
2799
562
5023
7647
7493
6750
8441
3384
9485
3026
3168
7738
9240
235
5675
5352
2747
546
4187
972
9294
1752
7234
9809
2280
7185
9553
8271
3739
771
8692
4838
5892
193
3795
8141
5395
4255
9703
9357
3145
3342
3639
5760
5587
8760
9474
3555
7867
200
9789
9641
9592
8617
426
8074
2713
4552
435
7856
6322
9710
8603
1450
413
3137
378
3224
162
8227
3301
6602
5747
3444
3748
1535
7798
602
9778
4311
7514
3875
8147
957
2937
9612
8466
2365
6346
7273
1125
2780
3380
7841
5100
8770
9641
7279
2361
2041
4582
9470
6155
8430
2140
9328
3210
580
686
1288
5136
4400
5939
7509
2706
7416
8833
1782
9052
7636
9578
5277
5479
4862
67
1527
7860
789
4934
2348
9433
1131
9581
3496
5129
1553
1447
8300
250
3278
8611
4844
8828
2837
9684
7533
2270
8844
5400
8934
8033
3971
9797
9226
4202
6979
2785
7296
6956
1291
1440
7115
4708
7162
953
303
8357
7765
4430
4788
140
9553
646
4715
762
7065
9395
5166
3227
2691
9621
6518
6188
5445
8582
9721
1470
2217
364
2679
6222
618
1840
2640
5694
241
8333
3825
3087
8991
2839
6632
878
1709
1139
6797
9006
2338
7856
2246
3336
4518
1765
4631
2928
2037
7988
1757
3707
965
1736
1728
198
114
3645
6203
5945
356
2543
354
143
3692
2352
4944
1048
1174
6301
3110
9455
720
6092
3064
9643
492
7957
8047
1483
2243
3651
7441
7912
3834
8874
5123
4972
1737
5576
5937
9172
7915
5514
9845
2576
6719
7717
7277
2912
706
1479
9098
3699
1505
425
8614
2210
2983
5086
7347
1323
3416
5439
4961
1832
1824
1209
2864
9862
180
6035
8510
1642
9230
9551
152
8073
8922
1642
2598
4537
4260
197
3668
8374
7512
5719
2595
4451
4692
7955
6779
9183
4800
5262
1989
8057
5958
616
6716
4560
818
5231
4656
8924
8162
9108
3248
9440
5178
4733
558
2540
8383
8330
5515
4624
221
6840
8581
3139
1443
6500
7191
752
1695
7432
8380
7676
329
7162
6297
9461
2225
8845
3597
6324
7406
4686
2192
6054
4562
3514
6896
3449
3729
1922
4901
9279
2901
4251
1291
86
1991
9770
9155
6872
2836
4877
9613
6318
6511
3953
841
1636
9680
3659
2221
8766
8356
9060
5952
9143
698
8277
3264
808
8267
3465
945
9904
1098
5787
8377
8014
6994
5851
2956
1087
7250
2659
1065
105
7645
5146
565
5075
3760
6187
3783
3202
8256
322
3691
475
2424
6873
8869
4226
8962
6432
7369
5283
809
8591
4797
6866
4348
4773
2521
9011
7910
9043
7957
9013
3471
9619
8438
5419
4690
7293
498
8247
8051
6123
6820
6905
709
3700
6698
4765
8548
1328
8535
866
9785
612
8908
6598
7256
664
1142
3565
1520
1040
4799
8168
8809
8888
7254
2388
6324
9809
7605
6608
5555
5284
5925
898
9525
6328
1756
8023
9624
3573
753
6218
7563
3141
6984
2199
798
7063
1921
7905
8720
9836
2492
280
6281
7849
2032
3018
4011
4789
2313
215
4351
9853
4019
3688
8087
8177
8205
1602
8307
5587
8087
8536
3561
3699
752
834
3753
3154
9470
8899
8139
9355
989
6612
2715
9265
7114
5804
6894
794
6883
1354
671
7030
3766
7868
8968
3722
7216
3107
221
7602
5213
6800
7911
6489
3287
9280
9503
8806
4243
2794
540
6247
6512
3210
8391
3291
2876
6273
3880
1706
744
9476
7415
9724
5851
6334
8352
9501
5462
8171
3650
7753
5256
7885
8882
4495
3122
3490
7168
568
913
562
6731
2242
4722
5355
520
8686
7329
6755
1604
3829
9824
3522
8259
9915
5000
7602
8251
3830
6029
6383
1449
5717
2971
1006
3690
5634
1777
9261
4149
2058
1233
9925
9455
8473
4799
1592
1258
9042
1695
9270
1518
3802
8215
739
9195
2086
4354
7279
9124
5517
7506
5441
725
4665
5455
7335
8372
6015
3678
2851
4069
2134
8534
4022
6288
2277
1942
9972
7664
1258
6738
7883
308
1320
212
7664
930
8695
1631
7702
4350
112
7646
2452
5015
1808
1436
7384
585
3563
3942
4687
3466
6692
1088
2523
6052
7236
6650
5529
780
2602
8723
6330
6087
6637
3270
3719
2908
6978
7975
1742
2783
7254
6625
3463
7919
1165
8153
6097
3217
8905
351
461
2755
2467
9226
1064
2524
6077
9442
6618
4609
3841
7539
6127
7333
4662
5302
6290
6234
9841
7012
9472
2769
5887
6310
471
5791
5487
7853
5614
2999
3715
4490
3776
2120
4126
797
2257
7655
6134
9888
5549
6212
1815
1838
2080
2863
9912
733
9501
1934
7872
6142
5253
6966
2058
8055
6177
3196
3378
137
2749
2423
582
4417
625
5837
9084
2351
243
35
5995
9388
8680
2738
262
9467
2551
1688
8643
3483
2223
6614
1490
2140
1913
8334
2040
9454
1383
9727
1912
1753
8280
1995
5783
1604
7950
5151
8451
8296
1656
9908
575
1312
1000
7617
1694
6318
7086
8035
5471
5576
5629
9630
1794
7882
5141
1505
8507
429
3827
9371
8263
3613
3575
7800
3153
5385
1133
3096
2172
4901
7448
8347
7770
510
1499
5922
1447
1982
813
8005
6838
3135
3364
598
731
8902
154
1606
5297
2380
5323
2117
819
7615
1892
3732
6010
3704
7135
9498
9600
5391
8097
4146
2534
8932
4771
4605
6759
2842
915
778
8695
7187
6235
1678
46
9578
9081
1129
9380
6855
4976
779
8220
6143
6737
3890
8787
9506
8452
5746
8422
8273
1204
348
542
8667
4562
2538
3030
2022
3383
9612
3598
5434
3612
7848
9490
1765
674
832
360
5632
3491
395
3969
1586
9940
825
727
3066
2891
2852
6142
406
4480
3932
601
2534
6364
1798
555
5633
6601
1904
2807
9668
1938
2374
2261
9449
7274
1220
6367
6610
9938
9316
1845
6916
9112
9836
9374
6371
1026
3569
265
6518
3727
7712
3506
7900
4359
5995
6554
6519
8118
5221
2707
7724
3378
8971
9702
7068
1718
3526
3790
6221
9638
2793
9753
886
7721
6373
7441
108
1052
1354
4605
3683
1867
7882
5166
6488
8995
9033
4627
2079
5609
4087
4608
9750
791
2618
6554
8940
8087
5405
7278
4277
8208
9442
4728
1357
1404
2881
142
6276
9800
4722
6123
3260
4772
9277
2176
910
476
7333
8139
6177
371
7657
5496
9753
1426
364
3218
5482
4125
4763
7379
2808
2810
4488
6112
2403
5333
4171
4184
3106
1501
5349
8189
122
8296
4428
8026
9205
6161
4983
1425
5450
7663
7820
5645
5230
8676
7488
2533
351
4223
3293
7222
4155
5907
8835
496
3467
2731
4334
8758
4476
3920
417
3231
4741
8542
5381
2291
2771
5101
1855
9480
3100
1284
9414
2196
7291
9736
1488
1655
4435
9280
8820
3793
7299
8522
2736
1715
4113
4383
1648
54
2979
6446
6524
9660
3621
7975
9981
2879
3284
2956
4031
2899
7274
6853
159
6087
6681
8040
6705
7318
7605
4397
1306
9172
366
3344
2908
206
9500
9820
3999
8293
9432
3786
1175
5125
4821
829
4626
87
4431
4085
1613
1150
7382
6417
1356
1140
297
763
7337
2657
7484
8558
1021
7927
1722
7406
6947
3100
8966
9821
7945
4921
9014
5219
6256
4353
5468
8674
1793
2579
6982
6835
8817
6173
1217
7038
9627
3387
4910
612
5560
4326
7611
7639
999
186
8854
9160
7014
155
6929
6051
875
3464
830
8071
3151
5636
3632
9149
7630
7720
1298
1356
3302
9823
5651
3976
5650
4693
9963
6970
1276
7576
5657
4765
3185
5190
5634
6675
6338
3867
6584
3257
4516
2663
1964
1227
9314
323
9293
1179
2789
9531
6022
1858
583
916
393
6887
7438
7438
6198
7412
1588
4499
1792
4588
6433
1120
508
5309
8678
1073
1255
6122
8414
5501
7118
4641
9958
474
7553
1342
9085
869
3951
7601
4360
8633
5038
4304
8733
986
7602
9166
9192
3777
8084
5469
6522
3881
6700
5206
2051
4630
3437
2675
5586
2970
3920
3849
8061
6934
4131
8372
8863
17
5536
6148
1547
7667
2280
7027
2730
5948
6772
7014
8309
6163
214
4134
226
87
7813
7494
3311
324
9341
2385
9738
962
723
2953
7309
3340
1706
1650
9385
3142
100
6549
2757
7613
7943
4158
6645
3880
684
807
1835
7367
2515
5404
2436
9542
9234
3980
517
2930
4012
3324
2223
3141
4549
521
8867
3141
9409
1043
1702
7763
9573
2697
4797
5824
4064
1048
7222
8971
5099
5823
8846
5610
5443
8230
8686
517
7677
3399
1557
1984
2345
6263
9108
4992
5349
4104
6305
6247
4542
758
444
3832
365
9474
6289
261
4900
5025
3296
9874
6373
5633
6644
8197
7472
7934
3694
9723
1107
8179
7429
5571
5858
387
5454
1141
1981
1203
4000
4592
7924
2443
3874
9410
4319
3895
2312
8371
9232
6875
9936
3860
4060
3763
8544
6274
7125
4159
9206
6320
7073
3095
2211
8798
6725
9070
1097
8459
9119
8100
4930
3042
1992
615
3082
5936
3872
6028
7436
1816
331
3534
1535
5628
352
4624
9765
9976
6131
7105
9149
1141
6778
1946
7343
4304
6860
7199
4858
6037
224
1598
9132
3499
3277
6384
3626
3568
6266
7467
7765
4678
1896
9322
3315
3652
9888
6318
2944
5540
1367
1665
9083
5585
8432
4166
6217
5059
3595
5517
3952
5600
7139
1354
2691
4349
4200
2815
4183
9889
5148
9073
9338
8696
6288
6311
8540
569
4607
5085
7965
5481
6041
4944
6002
5092
2837
5264
938
6892
8908
6213
2074
3807
7393
5119
9991
9086
7053
4853
6611
1746
4234
9574
271
1131
5714
9602
2305
2328
5436
3310
8555
4977
323
8770
5628
3561
3699
4740
6552
8824
2939
5621
291
5015
6669
1197
8317
176
3215
2016
2673
2407
9623
7108
3006
3297
7395
296
6972
3032
6209
474
2601
5930
1898
7027
7438
8822
5902
1420
7542
9179
7865
7836
3469
9594
6011
5299
4939
1258
9551
6373
3891
2477
1307
4738
5728
1071
6245
2547
8476
824
119
7488
2137
3359
4355
3258
1029
2870
2076
2410
841
5445
259
5385
7471
436
9071
9388
2887
7606
3237
5740
4710
9358
3268
7477
1659
178
9467
9288
3489
6895
1305
8743
7925
4869
6394
3021
7772
8852
4416
4462
2132
6075
7022
2372
7744
3240
1115
6959
1496
1423
1739
7197
2315
6903
3342
6009
4476
3536
4392
3719
6387
3279
3434
6510
1636
8417
3067
3043
1636
9034
4136
7123
2112
8184
4770
1570
2338
1950
5321
2938
8199
7209
1974
7419
8743
8938
7348
9703
4176
5059
548
5253
5999
2615
5346
7998
5981
7711
1264
6032
1867
2556
7923
7557
848
5323
6702
8243
2191
2246
467
5461
4867
5186
8917
8703
2257
9372
8973
8489
4182
2632
8237
9103
2080
7824
541
8116
5914
3856
3343
7183
2263
1624
9731
9
5404
6477
9350
3718
7537
5198
4477
3817
8481
6123
6455
2457
4125
6646
1624
775
9578
2461
4595
3270
3751
8726
9878
269
4124
1377
9049
7317
5070
2261
8679
6250
8136
1855
4372
4796
7425
7165
3323
7592
4012
4682
3250
5198
6656
9752
2858
1471
1228
8460
4685
720
1046
9125
3096
4882
1044
7240
8098
2422
1411
6279
9597
9515
2582
7598
1440
2418
9653
5249
819
5378
2322
3581
1915
7586
7088
8428
9272
6362
9187
6610
6200
8167
5496
1630
877
2307
7684
2612
8776
6398
7960
7072
7451
3139
2905
211
7557
4296
4018
7123
314
1272
7233
3225
5605
8015
7043
9787
9738
925
6296
9302
2798
2760
3409
3133
9554
1532
247
1539
7784
3174
6561
2712
5315
651
7417
3552
157
7715
5608
2363
5138
2490
5438
3553
7827
3682
1831
5081
7935
8148
5509
5863
5931
789
706
4467
895
2332
850
7723
4136
8186
6346
6327
6115
6094
9088
4477
1854
3522
5316
9195
832
5625
7302
5305
9043
8765
50
1187
3547
6975
6589
7219
3167
5689
5077
1767
2249
810
4606
1077
421
8126
7408
1061
4366
5150
5690
3675
6932
7278
389
8005
7078
9483
3787
5112
6129
8470
8407
8415
4033
2531
9363
1974
5840
653
4594
6288
4534
2612
2377
1418
4710
4218
6472
7409
2529
1884
379
2340
439
5629
8883
4169
1736
6067
4702
8020
5535
697
7411
120
4546
512
7036
4369
3862
8081
3830
470
1336
4867
3274
2557
7093
2134
2114
7117
2854
3816
1192
4859
5564
9663
4654
8918
9505
3102
1452
5122
8295
8017
9560
4475
859
5438
9555
5603
445
2369
781
9860
4867
8579
2591
409
6310
8866
6663
7195
8188
5020
8409
8507
7249
5166
1192
2526
5582
3454
1978
9746
6811
6980
2692
1631
1765
2357
6927
5387
7834
9826
8835
3984
2702
2793
1989
1666
2509
3330
1715
3455
3639
7663
5355
2986
5543
1479
240
7431
9870
8715
2576
6089
8304
5996
9540
502
4129
901
4856
781
2499
3158
3902
724
3898
6237
7949
3537
4365
8082
1126
2954
5040
7647
5254
5647
7492
2974
9435
8913
9093
4525
377
4040
1073
7779
8974
3190
9968
4406
9166
5764
3455
9260
6714
2166
4303
6726
5675
8093
3362
1640
8436
6467
3765
899
641
5792
4533
3453
1108
9618
9510
3604
5290
3964
6123
3812
5308
5026
6532
544
4100
115
6230
8016
2840
5152
6375
7069
6324
1524
3837
2069
9268
8419
6058
2052
9729
4487
7323
8697
8166
8848
4833
1155
8683
1100
7890
6422
2584
7120
7362
3411
1472
598
9299
5179
5173
7013
8606
3077
5921
8488
4132
3259
8469
5750
3444
3229
1242
3502
8791
8891
7999
4978
576
9401
1407
661
5124
5172
2462
2854
5103
8322
7419
1942
70
9384
1538
1470
6785
1912
7346
708
960
1413
7603
4188
409
3797
5499
17
9494
8768
8065
2221
7330
5834
9773
5650
4081
4108
3603
8807
8005
5400
6083
197
4793
5465
2826
5668
3010
1866
1070
246
7276
8469
1014
6276
3457
1908
9886
863
3336
7456
4138
4095
1956
8245
3082
9901
6453
8423
2262
4285
8454
9960
8641
262
7513
6428
4896
9174
6466
2057
8872
2257
406
3750
8360
1461
4069
1763
691
9388
2967
9822
6198
4420
5582
1820
4593
8685
8884
7178
1026
2367
3831
7848
4007
8878
9230
831
2874
3284
5646
3466
9196
8181
9309
7453
7751
3304
3656
2767
6072
6474
5450
7592
8896
8700
5523
5973
3288
6185
6611
5040
3750
9683
8480
442
8390
7543
3080
8683
19
2768
2390
6423
884
2784
7953
1507
1690
610
5364
6688
5642
7133
3834
4051
9895
663
9348
5653
8898
4411
3215
4050
7777
9955
4664
488
9012
598
4727
1817
8249
8150
5736
3628
1831
4132
66
139
511
4118
9140
9628
1750
3925
4581
9255
4658
2697
6293
3278
5611
1463
3949
8812
6813
3982
6623
8734
5377
1696
2430
3103
432
2365
175
672
2475
791
4141
7544
709
3798
6795
6443
7884
8975
4390
9770
7810
9686
6911
8254
7903
4670
4824
7218
2680
8714
7490
5227
1470
7280
8847
9573
9972
9464
7697
7801
7277
1957
8069
5102
1393
9408
1758
9337
8872
4780
4565
3480
3321
9453
821
739
5107
1086
8579
8401
7365
4844
2183
6464
3946
1944
2306
3953
483
8222
1359
9540
5769
2568
8058
2560
5148
1777
7187
994
9985
5955
362
9561
3544
6547
579
9753
3432
1403
4131
9507
3401
798
1887
7572
2287
2841
7601
136
3776
3297
3718
9448
1722
2333
3703
8346
7901
7768
2416
1891
7041
6557
5942
3109
777
1288
3361
6229
4470
3290
1131
543
9110
5532
8857
6283
4862
7344
9327
8420
48
8299
3731
9517
594
8529
9628
7682
6479
7562
8728
8950
3547
2106
913
9242
583
7824
2790
1979
2399
6453
4290
1193
2994
3596
8329
6352
2360
5835
2842
7151
3336
686
2830
4733
9122
676
9699
8697
5506
8090
9098
9019
9346
9327
9157
9724
7505
2938
433
6609
535
6075
639
6510
9195
963
1800
3674
1056
6023
9580
9073
6080
8901
4508
7618
5666
1872
2917
2187
2103
4024
3342
7388
4736
8306
7065
2762
9299
1197
2305
5141
9344
3971
4282
6126
2274
1644
8474
2848
3885
7171
8340
9961
6751
7800
2038
5934
5451
9042
9968
7867
3871
9684
7847
6892
4379
695
1896
3346
9328
1580
2343
8577
6670
7347
2711
5612
6935
6291
7763
6389
6218
6225
8211
916
1349
4826
187
3143
6055
5849
1130
8072
9141
999
193
2511
1189
6633
9167
4145
2889
4946
6985
5349
7657
3710
3014
4588
719
5371
9636
5408
2069
1859
6462
8940
8850
7304
3180
6324
8082
8241
6887
8481
9256
7648
2987
3166
4657
3956
2923
7050
7710
2016
4902
1618
4560
1040
7691
2476
9851
3163
4507
5288
2774
386
5264
3732
3818
9855
3580
9801
3810
2960
1193
5097
7972
9217
4871
9206
773
1225
2074
5423
4853
1124
6256
4005
5805
514
312
8330
9494
4756
5309
3288
8779
8542
2544
980
9459
8537
3362
2524
9459
8104
2455
715
8033
9385
7561
7621
2300
1273
9320
4164
4372
860
357
1610
2256
2850
6434
4264
6308
6925
2674
1944
1225
5913
6725
1478
2496
4594
9506
1760
5543
8742
5469
7418
5427
4921
5055
5656
4109
8356
1673
5086
1309
2875
4109
1674
4840
4705
2643
4290
5588
2213
9700
8696
8271
5851
6283
440
209
7743
4128
2788
6192
5687
5926
5276
6382
7171
959
4587
15
8146
1199
6382
9445
4348
2698
6995
9162
3180
6722
5423
7306
7330
8895
9570
8521
7240
4482
5243
6175
1600
7454
8637
4919
824
8784
5321
6304
8723
2116
720
2159
4362
9537
7951
571
2032
4802
2768
7338
680
2171
5137
3203
6650
1164
5231
46
7152
8966
8143
1734
2688
5590
9269
9968
794
1080
2596
6274
5646
5173
6998
5288
8715
3209
2891
3369
1056
5762
6005
9625
6805
6289
1705
6017
8268
9270
1514
2895
3013
9211
9897
4823
5119
2736
8266
9059
1776
9299
5903
513
4054
7838
6739
5555
6238
8240
1777
3548
3182
9011
196
4821
5089
7266
7333
5907
5917
556
6521
1512
5938
1686
7761
2956
2770
1298
2813
7823
6110
5723
1263
161
3549
3812
8226
6257
9573
417
7286
328
1736
3731
683
5066
6015
6054
2066
219
1509
6807
671
8776
6000
7928
9504
4208
5318
1732
9541
4563
7272
4595
5819
4452
5566
6703
2832
9594
4747
2667
6013
4117
9517
5329
6037
7356
1430
5447
7292
833
9783
2643
8858
8163
4722
8916
1201
4293
4427
55
8683
5698
3489
8753
8405
3876
5716
4738
5909
6194
1282
8642
3612
5601
6572
475
2621
5170
8626
8565
2850
3710
1367
4082
7431
727
4378
8035
5148
9827
8100
4697
6721
5768
2326
9916
2482
9827
4542
9954
5720
2055
7644
7187
8933
4880
8601
9373
3755
4623
3605
6007
5101
7143
723
1871
3968
9190
5681
8696
5901
742
6410
6557
9458
6824
3278
3585
6146
8066
4611
5792
7495
8065
9651
4312
8694
5470
3255
3125
645
2066
2943
3579
1022
881
9478
1406
4181
5895
9337
3747
2592
1008
3585
9200
8714
3101
6082
8375
9357
8291
3038
4516
9443
3339
8350
2617
3384
6709
1766
6389
3049
5375
7252
9357
8604
3338
6450
6687
3761
3782
9078
9851
7477
9563
7230
3511
1708
3724
2699
632
4372
4308
7342
6462
2084
8666
4474
2025
5358
5905
9161
630
553
6510
5240
7787
5402
8446
8953
9671
2552
4178
210
6316
838
9540
9603
7119
231
7133
7461
4766
6444
8504
5732
7057
4848
8748
7452
436
2675
2332
9580
1105
6949
8150
909
3379
117
8914
5809
5864
3898
8198
6091
2101
5552
3885
1924
6331
5647
3193
690
4698
2506
2068
3780
2679
8327
420
5646
7607
1453
2024
4290
6035
1954
1309
2654
3889
4396
4786
7457
5388
808
7539
6281
2880
6571
3858
2229
3833
7325
6263
2985
5552
9380
2304
2679
2589
5109
9022
6913
5846
2903
8332
2948
2825
9725
4292
8850
5298
5264
8286
2992
8229
1336
1448
9723
4103
8122
772
2682
1916
1275
7906
7602
2861
9446
2529
8358
1064
2960
6317
2654
9217
9163
4492
1691
9216
2750
50
492
9243
2473
1749
2592
4359
1260
527
176
7674
7002
9595
4079
4613
9476
7668
2329
5728
488
2877
5917
107
4545
5203
3803
3480
1833
1376
2302
2552
992
2657
6727
7904
7005
1783
5462
3166
5912
5584
2485
4642
4427
5996
9706
8294
9020
2649
831
6062
3225
8234
6429
1767
5558
4302
115
2409
4233
757
711
9039
1657
4419
2792
170
1982
751
5908
9384
6974
4185
7978
2280
3148
5528
1009
5700
9584
1225
4958
4333
9768
921
6532
4307
61
3848
9183
6203
2446
7208
422
536
8502
5016
7374
9370
1728
1906
8175
7072
4082
4152
6346
8055
1808
3896
5678
661
2358
9050
1049
7525
6541
8071
4341
4981
5596
6763
5889
1906
924
4828
8452
7732
4557
2904
8235
3636
5913
7552
8067
608
8557
6508
7799
7362
9149
2375
9989
2952
1720
2065
7229
4038
5904
9232
6970
294
7782
3923
930
9324
4707
5244
3571
2903
3670
5718
2501
1520
7789
6228
3920
5675
3757
9215
9937
4060
7577
1232
2293
7721
7420
1194
809
6556
3149
303
8502
7105
1148
7913
9519
8323
6421
6803
4126
2739
9003
4181
1548
1489
88
5891
9481
5966
3609
6640
8446
6480
9317
1960
751
2290
912
8363
4050
4162
6730
7324
3391
760
4796
4912
3716
756
9069
723
7448
7943
7802
1442
2516
7101
7511
6246
5636
6469
9852
5835
9848
601
5169
1293
3093
7042
616
7243
1621
7219
8117
4081
3553
7894
2957
3325
7397
7649
8661
9506
6620
5959
1065
8030
606
3624
5050
1908
4771
5443
451
4906
1690
1548
4409
7656
6799
1352
2071
3686
6580
2899
6340
9420
1682
8710
4494
2478
9689
1408
8851
1363
2327
7371
5652
5274
8693
451
1795
7388
8245
9795
5858
8804
1301
687
1031
6602
3207
6559
7072
6724
6816
241
1543
6386
6321
8978
6000
1615
6992
6244
6184
9358
9386
7013
8205
2688
3952
7794
2183
7521
9869
9907
5425
8520
4308
2095
1938
973
2717
9577
9326
1704
7571
7768
3695
4976
9979
8150
8081
1706
2416
2173
8598
7815
3919
6156
3521
5744
807
1108
6398
4385
6589
9874
3694
3862
9730
4422
1284
7578
3317
2430
8563
2542
3776
4964
8202
1991
1280
9161
2580
2267
2928
8543
3237
609
6169
6342
5644
7313
5611
4766
208
1955
1482
2152
5549
5396
1265
7200
4029
204
5958
5370
3045
56
118
608
8124
1068
4113
4407
2197
8027
1985
8855
8241
2895
4410
1818
7494
1740
4241
9608
6939
1101
7682
4013
2552
6080
4881
7280
470
3846
135
3721
2516
8894
9129
1766
2020
2108
5927
246
848
1764
6468
3988
5784
8536
2603
2027
7383
286
5383
4105
3782
3827
7394
8139
7501
4811
8219
3858
2282
9624
266
7383
2806
3254
5627
2687
9374
7172
9554
8465
4140
3271
2030
5199
3560
8250
7417
3611
5978
6683
5820
3741
6747
8662
2452
6664
6583
9570
5764
8216
8606
4465
8680
7589
8285
189
2899
4371
7664
2040
9588
2896
5410
8205
5938
6575
2911
9699
2801
2582
1820
8246
5267
6513
8490
3905
3084
7880
7532
1206
3687
2420
136
7983
6931
1921
7119
3801
1641
8822
2101
1517
3642
9136
4372
5416
246
4645
7695
9342
1532
8670
8694
8902
1110
9379
9766
9567
8543
9541
8689
672
9662
6302
7082
3086
9175
2868
9229
7823
7761
6006
3840
2869
6858
838
2501
1653
6333
6045
3238
8450
4421
7521
2713
8186
2244
9098
3838
616
5897
8266
5837
9197
4593
6213
8239
2568
9815
5010
2996
6073
9431
5014
4485
4532
4139
9201
358
8800
563
3665
7302
9741
1107
3850
8900
7757
9800
9849
4589
2530
3600
3646
5089
5584
4424
107
6866
111
2453
433
3077
9425
2999
9317
3815
2182
8953
771
9250
3557
2220
603
2050
6772
6337
2625
6841
1844
254
7090
2764
4779
7402
5982
3180
1232
9500
1819
3621
9361
8172
6316
8947
6139
2884
2077
6580
2660
1634
2279
2811
2051
7746
5468
5357
9100
8727
3870
5669
1114
1623
9775
1301
4657
7978
36
2297
5909
204
3409
4389
8828
3382
8196
5913
2901
9832
5640
5306
2348
2806
8052
1407
9290
8114
9456
6373
8656
7132
2390
5890
5449
2618
1130
8059
6792
7999
8987
4737
4817
2757
4612
9411
2570
7074
6076
7196
6566
5718
5545
3281
5324
4638
8492
4521
254
3836
2564
9007
204
8520
3071
846
4206
6740
6589
4111
9095
1269
5611
6343
4161
7514
7874
8820
7180
6509
5525
4424
884
9108
5759
6168
6392
1474
2206
5543
8428
775
696
2262
8692
107
8506
8169
8099
4844
3791
3968
4834
4686
9293
2613
4778
3699
3331
6913
4812
7026
9599
3586
4659
8741
1909
986
6002
5924
5669
7553
9606
8873
4988
8092
3692
9259
6844
2488
4594
3926
485
321
3079
5214
5337
3605
7857
6688
3833
2634
7940
4120
7429
7449
5797
608
3805
46
7885
3833
3104
8150
7402
987
8130
7896
9834
6818
6299
8729
4392
8234
7489
6117
9365
4330
6526
8740
1647
6911
5448
2774
4481
8703
1154
5967
4741
3789
629
4480
3937
4972
3617
8126
5183
2323
4143
7361
457
434
2552
2474
8469
3671
631
5612
4807
306
1485
4864
6918
7325
9459
3051
6789
7194
3984
1200
645
2941
3729
3748
5605
5919
3063
9254
4121
325
9997
6149
6727
5642
8601
7534
3116
9701
1889
4471
4689
7558
254
844
6412
9181
9386
5269
1837
9378
9940
4211
1891
8516
2169
9548
4864
3490
4052
6069
7944
7297
6225
8775
9888
9489
7162
6385
9273
8294
780
9637
3971
5168
9114
7391
5958
3787
1187
5063
2607
7384
3320
5670
2779
1610
9668
6343
9521
3069
3633
3420
5825
1048
819
659
2917
3028
6658
6379
5643
1104
9351
8642
483
6426
4136
7135
6425
5048
6542
6485
6038
7610
923
7897
8061
7175
2585
5338
2884
6368
2104
3746
6044
4316
9489
2002
3427
5083
4938
9767
8580
5460
1148
2782
7700
1749
5808
466
2520
1212
6486
7014
5644
9823
9345
8727
4689
8473
7996
1364
4909
3890
6822
518
7014
8037
2460
3639
4478
4740
677
7471
9580
2538
6924
2385
8627
2388
4727
7967
5210
3807
86
534
1596
7919
3912
6469
6232
5733
5462
409
6150
9444
5471
96
5163
8608
1259
1304
6912
4215
9381
7792
9893
5211
9364
858
531
8052
3056
1270
689
634
2811
853
8059
6725
4778
7754
9631
650
1069
954
7639
3093
8517
6271
5646
997
4884
2208
8957
3747
4553
4202
8170
210
9059
7593
7318
6092
9135
3448
572
900
4637
9129
3440
5770
905
9336
2285
5624
9475
1178
9270
561
6605
6101
7776
530
4583
524
2592
5498
2977
8052
9699
3785
4910
5115
4899
9300
7958
7260
9520
6805
7245
8313
6686
5234
4928
2134
232
3723
8026
9304
8587
7682
1117
9944
2546
7551
6387
1145
6503
7080
1282
4962
1830
5555
5563
6059
8639
2237
3465
7041
3164
179
9936
347
9623
2983
8263
6540
4222
8417
5855
9576
1420
15
9652
2063
3848
8048
6034
9874
9715
6404
1475
9751
5152
6616
1781
3424
4519
4149
1612
3065
5428
2960
2567
5723
7741
569
8702
3971
7318
9670
7794
457
4247
4867
3720
1099
2280
8172
261
9399
9008
689
8644
6114
8878
8303
8722
4248
2876
2330
7869
1447
3114
6163
4869
1475
120
2643
8075
9774
384
2226
2927
3018
7864
1304
7005
1321
3819
7792
4610
1546
8745
2819
613
4146
5939
9442
2940
7309
9664
658
5469
6437
912
3423
5976
3065
3527
8749
8045
6473
4061
627
3047
6450
8306
4988
9765
3266
3119
5374
6853
2471
6161
5050
3545
8374
5818
5323
8001
4611
4204
648
7119
2973
9090
2247
7190
111
9737
7420
589
9059
3225
4982
6514
1514
5672
6099
5656
8525
1613
4727
1302
9676
5375
6941
9942
2683
7453
6739
2760
6777
7040
4129
8167
8328
9292
9718
9817
1659
2179
4612
5409
1299
9056
1314
3969
1736
7467
8560
140
5118
1685
7247
8000
5938
5567
3060
776
1587
5171
7168
5791
5548
9591
5900
9097
4029
8354
7819
4080
9599
3404
4224
229
7204
521
4661
4490
5419
9383
2072
9115
998
2139
7975
7323
3644
9495
1223
9770
7885
9090
433
7136
3435
1774
4875
8643
9799
3134
7078
8041
4616
3068
6609
5486
3422
9952
7758
141
6496
2109
7143
4630
492
62
182
8522
9603
1273
7434
432
7322
9118
5189
2147
451
849
8004
9505
8077
1836
4916
3514
4518
5511
7108
1288
173
5577
7973
62
1101
2165
1612
9732
4113
8134
5336
9051
5131
1613
861
211
7800
8311
4095
722
6247
3017
1216
9516
7249
7645
3576
2562
9719
2288
4789
7633
4684
6863
1730
2237
1554
9098
8957
3322
8262
3029
3540
1851
1853
1110
8495
349
3053
5478
3410
6448
6428
705
8791
4350
3502
2308
4112
21
1046
8342
8522
1226
690
8333
1456
856
2629
2588
9042
3003
5697
4459
9923
2074
5051
3949
9945
6735
8917
8697
5927
2001
9785
7458
7308
5928
6393
7002
3479
1036
6752
5172
6438
9501
3746
230
8457
1199
5739
2577
7065
4553
8562
2719
6605
8795
234
1825
6310
9055
4924
2345
1165
468
9522
2457
8449
8128
1310
9876
3467
4393
4264
4408
5440
5935
567
7833
711
555
6760
489
2702
8177
5397
4960
7453
9511
5657
4310
8166
3566
5352
3955
3552
2645
768
3776
2213
2885
693
6190
8456
3034
7342
7870
6827
7305
8363
8995
5694
8320
6080
6867
1677
599
9400
1139
3548
6615
4858
8934
3455
6181
660
1374
9202
8014
9978
8266
3401
8400
5290
9847
6250
2277
6558
2890
7361
7126
7835
2287
2675
6406
5174
7103
6090
6807
467
4653
2584
3209
4182
3877
5934
9833
4547
8163
4733
741
4044
2837
8750
933
2521
8354
4521
0
6031
3975
5494
1898
4412
6064
2838
9062
6522
2988
6207
9571
8258
1485
1515
5039
7239
4990
6631
6968
2228
9814
5016
1759
7708
6656
2692
1358
3594
4467
7466
1373
2356
3863
3357
3610
9931
5354
1024
6332
62
5780
9414
3932
9646
8997
2466
1552
3315
9223
8953
5844
8680
2150
7183
7165
8819
2499
3145
7760
2517
6574
6477
9499
8156
8805
4966
9065
9115
2645
6354
8507
526
4804
8041
1433
6856
7646
5301
3326
4751
6318
5759
6963
2157
9859
4651
7093
2447
4182
5897
6130
3177
1466
6517
2206
3000
4185
2405
4816
8168
8234
9652
2186
2433
9160
5537
5009
8075
4722
3689
4397
2389
3374
3012
5586
8035
2997
4067
4983
3625
2341
9049
497
4433
1102
3304
7911
5980
2495
5492
7739
4198
8034
3511
1022
585
9854
2723
5955
7145
6484
4442
1892
6447
7925
2771
4892
3164
8343
9789
1680
3608
9866
8736
9075
567
2740
2576
8827
73
4334
6829
8796
2741
4534
2362
5265
6123
1970
3320
7805
7209
6217
2701
3148
3070
5949
9912
3735
4320
5154
6486
6002
3024
9587
6087
7454
4288
5361
4101
4012
2800
1580
8962
9177
5357
5120
8472
6282
9001
6592
7567
5871
1012
4138
7691
1317
5416
7260
6329
6189
9170
4998
237
9019
6312
6259
6556
4420
9566
658
8948
2247
5859
6773
3603
2597
8580
7254
9855
9594
2030
9421
4752
4
2290
7052
8816
2411
3466
5674
436
4243
8000
1376
6304
438
5456
5663
9688
1473
2484
1811
5335
5951
3528
3682
7364
4014
7761
7818
3693
4901
2528
4653
695
9803
7976
1557
2779
3682
6405
3677
4565
2870
6896
2724
9684
7381
7792
713
4220
8530
3042
6882
4760
4477
8983
6102
2809
1932
282
1028
9323
9492
2067
3087
1529
5801
8067
7361
8306
834
9740
8175
6932
5389
5687
3303
1311
4679
9791
6079
9020
649
6853
8324
8019
5149
6514
37
3396
7808
6002
7266
9516
2567
1943
5531
9308
6766
8067
3618
13
5191
2001
3153
9011
8408
3624
3734
8981
9430
915
5200
1619
9595
2448
3369
4654
1404
6754
731
8727
6788
2823
7609
9414
2528
2575
8960
3584
9705
7236
9117
8862
9193
3999
7259
4863
5215
4762
5296
3369
2394
5056
7221
8793
4763
2931
5638
3246
1657
450
3
6658
9
3832
3096
8124
3335
1267
6987
6775
2135
9756
7976
6485
7646
391
4306
9482
2868
5576
3293
7077
4830
6086
6230
1545
7362
6318
9451
6546
7829
7725
4667
8652
2871
831
9034
1496
7250
8247
8959
7808
3602
520
7430
5955
209
560
1988
2096
3909
7413
8151
2804
2523
6114
8597
254
6207
2088
4347
2274
4495
9514
867
9835
6226
619
8524
6247
3301
6508
1430
1771
8962
2031
5509
2233
4393
3122
1164
9684
4830
3212
1030
5374
6755
6722
4262
4516
9617
1885
2205
5279
9643
9586
4536
444
2640
1193
2830
8108
3202
6052
6210
6907
1961
3217
1181
3189
3028
2494
5546
7666
3234
5575
4031
5868
6938
4952
6382
4715
8774
2826
3642
3057
3300
1875
8878
6806
3370
5253
9416
126
3527
7681
8258
8551
9263
7095
4727
5607
2501
5367
6609
7622
6957
1943
3248
4804
6825
8411
6346
8327
7483
395
3808
5308
536
675
5621
8422
6205
3693
2333
5297
2535
6857
3856
4645
1383
6355
9575
9118
9074
9215
3704
7332
8059
4232
7408
6322
5898
8569
5663
2436
7011
2963
2719
4316
366
8853
7181
4148
2341
5730
4015
2339
7802
5002
7877
5568
674
1855
8315
9600
7144
4626
233
9459
9061
9399
6189
6876
1083
2969
7941
2799
7249
7988
5341
5478
3707
8333
8430
9936
9837
2654
3157
2645
8759
3274
9653
2499
3494
713
5342
4901
3501
8551
7621
4016
736
2212
3306
1923
821
3909
6379
1825
1789
4180
7391
1959
7613
1682
2033
8449
8416
7629
1300
5536
8301
1404
8209
7387
928
1860
8981
5476
1504
2134
4791
5898
7806
1759
7781
9925
5381
6933
1939
7196
3552
7535
4411
3995
3257
9594
5492
3253
9693
2016
6574
4935
6701
4350
4629
6885
8869
1892
514
7513
8105
2081
3363
2519
7628
9307
1830
8584
1569
8084
9622
4225
2723
7625
4373
2417
4795
7550
5797
1687
2738
5027
4021
5539
6669
1920
4073
5351
2817
7598
5312
4668
9411
2278
454
9404
5084
6513
9478
4219
9338
1276
3507
5921
9507
2083
4329
4580
7401
7317
2680
3108
4253
4533
7507
6423
3229
823
690
920
1249
9418
4294
9450
5149
9962
4793
6705
8445
8236
9532
136
5918
4781
9664
5924
5393
1141
9943
5640
8655
8441
3084
2272
4975
1614
1280
6942
9111
5823
2145
8801
172
5878
7566
4476
254
7661
1356
1986
8196
273
6389
9432
5412
817
5134
9974
9682
2776
5129
5868
3707
562
187
5499
3338
61
5177
6082
5969
374
9494
7883
1230
1588
2518
7768
3321
9992
8452
3377
3246
2049
6207
7576
3186
6672
6708
4177
4251
8435
771
2348
6738
9998
8044
4401
6637
1533
3982
796
1517
6391
1308
1952
2257
9392
436
8948
3333
4948
9678
6264
6452
1457
5578
8577
5936
1245
8608
1985
2092
7356
7195
8675
7832
7073
244
1403
9574
3564
5707
6273
2861
8763
3278
7508
8135
7812
6240
4619
3585
6073
3084
7568
2541
7546
8325
2713
8315
1601
1809
3991
6804
942
3061
3213
2240
6267
5078
757
2664
475
700
1680
5925
7591
4848
8503
8127
1514
9018
7370
8859
4262
4314
8507
8257
7500
2826
2582
8626
6998
5765
9045
8395
1695
7784
5584
4499
5094
9766
2600
5654
7157
6200
8142
6476
509
5648
627
7491
299
5886
4319
3040
8043
3204
2884
9675
8959
5432
139
7946
7118
7734
1015
4032
7279
4225
8539
7275
2272
9365
3698
2170
8576
1821
1254
7452
8332
6357
1479
6464
8599
6333
8014
1859
2745
8145
1596
6470
1298
5754
5496
5543
8978
6031
5463
8484
7056
2935
7116
7638
745
1601
1528
323
8333
7575
1302
5410
3889
8777
7417
5686
3293
4719
7459
300
3853
6172
9996
5638
6491
6165
2746
9407
3513
2839
5335
2287
5872
9468
9908
5630
1912
2436
6523
6273
4811
2067
5177
257
4124
8235
6428
1328
3635
2805
8929
7278
8391
8759
3369
151
5102
1645
9940
6799
4457
5955
4120
5712
8333
5705
749
9356
9591
1870
2243
5264
6457
4483
708
3978
6944
449
1979
4110
8660
2562
3817
5257
5224
3773
6865
7993
2870
7
6599
8752
543
8645
6003
1928
3769
7248
3052
3131
986
9690
7693
1040
1498
7497
118
5392
8909
3412
8669
9485
8455
806
9100
2719
5308
3180
3430
8282
3564
2539
1381
308
7999
2051
2495
5546
2445
2630
4561
7140
7423
6287
7564
6805
1637
1953
1481
2050
4282
6684
4582
8795
5917
5608
9223
8312
5415
3415
8503
4612
3239
3919
8077
7574
1074
6625
5439
2683
567
4278
7335
9171
7553
2431
7600
3837
9422
1039
9288
7408
4793
7359
4832
1965
1518
3479
5513
4747
8739
1396
4460
5811
496
3163
4141
5368
7690
4491
3714
7855
6424
4544
7918
5348
6117
5304
3385
960
8452
1615
5056
5314
225
4351
4704
9323
1130
8589
372
6098
3001
834
6097
527
1749
9219
4977
7351
4917
5939
3936
7984
2762
1725
8670
7453
3574
2693
1428
5291
2666
7496
3666
8616
4999
7854
1797
4783
622
7616
2124
4019
3305
1483
5361
5805
5563
3477
6
4460
6365
6254
5958
1036
61
977
8099
6142
6789
9578
6895
7508
7750
1557
2825
5677
1608
6282
7992
1757
9456
5083
8466
8586
3195
1226
7725
2214
9400
2376
5000
9507
1679
1885
1329
6954
7624
8751
9068
9107
5950
8612
5122
4202
3637
588
9325
2780
4864
8516
6499
4930
4550
369
6763
8545
6978
7019
3548
1424
5290
8188
1553
3189
1201
2377
729
3757
65
2526
4802
2176
9018
5617
398
746
5761
141
7458
3825
1851
2104
1107
141
9734
7827
9495
2415
8464
3039
9862
7936
3719
7566
8700
841
2407
4497
1773
9479
9875
5830
4721
711
1598
7317
7047
6309
7432
4974
6665
9281
9259
9948
3764
4559
1041
2959
7809
3502
1315
3257
9653
8973
9191
3284
1066
2489
2826
9844
8859
5746
3954
5982
4830
8119
3278
5545
7558
4653
3389
8768
2987
836
6224
4916
165
8327
9286
9850
3210
4655
8861
4473
8871
5529
2428
4943
7850
7349
804
8054
9997
6213
9937
5570
1785
8890
2002
5387
1541
4946
1647
8488
6914
5187
7840
4972
7213
7907
2157
6769
6494
4986
7911
7268
5604
6618
8873
2086
8868
8054
6267
220
3566
5764
3123
4694
5067
4327
9020
7588
6310
2966
2880
9181
6185
5715
355
4474
4253
1617
6600
5936
5205
1696
9637
3812
5859
2114
4900
8111
3781
6100
2079
7048
9676
6077
4155
7789
7078
2235
5345
9436
872
8706
9221
7948
4368
6225
9010
5315
3884
9402
23
6229
3164
6814
5624
5691
2751
9599
154
8751
5960
9754
3703
3932
2554
9530
8276
3305
5165
7010
4244
6899
5793
3290
8099
5284
6608
1199
7132
2461
6873
7380
8793
7772
1423
8762
2664
5347
5518
561
2009
4913
8930
2883
6333
1906
2155
1374
7412
6942
3885
8948
9098
3211
2673
1615
2345
597
9196
1329
3244
8688
6476
9509
8692
6829
3189
5002
7584
9383
1409
9256
5165
8078
1368
3307
2630
2826
3118
2485
403
1986
8142
664
8778
7486
4128
2833
8858
6596
6183
9154
9608
5759
2700
4972
937
3151
9302
9176
1807
3714
531
6095
4638
3150
1350
5946
2837
423
5973
1536
5549
770
2239
79
5579
7239
1090
8533
2950
6084
5847
9927
670
6469
8041
3666
6881
7738
818
4436
3263
4874
7107
5566
1760
3479
3806
5628
9447
4560
2999
3365
7478
6662
6585
8242
9965
4828
276
6298
7537
7172
2635
6697
3278
7520
1096
4052
8740
6880
8664
342
9032
8872
9665
533
28
4956
6727
1185
3999
8533
5852
8620
7889
9462
6241
1139
5062
3099
8984
5137
2361
482
8064
4267
181
227
2357
8699
2359
3040
1828
5359
4548
4231
2282
4086
89
8920
3577
4108
6772
9800
5901
3367
750
6057
6886
4886
3875
3730
2707
293
3807
2367
1442
5867
8049
7557
6016
3672
9075
5344
9123
933
1992
4027
6887
3160
2560
4689
1614
1961
3826
8957
1852
2157
2766
3737
8954
6003
3295
1485
5714
4357
396
16
7337
4364
843
9619
911
8361
4292
5432
9543
6530
9814
3202
911
842
2424
5608
309
9353
7944
2456
8514
8161
931
328
4383
349
570
4090
6485
9062
3870
6381
691
3172
3557
4994
9599
4154
4476
1540
3919
2959
6736
8158
3522
6568
6812
6029
7769
2615
8299
443
7178
2708
1086
2992
1146
3282
5264
2913
7753
2674
8408
9499
2466
4841
4707
9563
9080
6520
1446
9949
3643
4019
8507
7689
9536
1920
2026
1319
3767
8460
4260
2676
5388
820
3362
1510
7470
8217
3552
1146
5370
7521
9529
5722
664
2675
3848
6311
6094
8790
1688
1795
4737
7334
4483
1045
1499
1718
1411
9909
241
5120
9350
6837
5331
4263
2510
707
8301
84
7992
4251
8317
2883
1226
5997
9029
2139
8819
2014
7459
9414
9944
2882
231
4359
7691
3318
1519
8567
8281
8678
1611
27
2329
6686
437
7340
5059
9229
1790
3795
2598
3032
3396
1913
3
6077
3111
9635
8326
7769
2517
2340
3803
4195
2719
458
5522
1456
5939
8372
7967
5647
1864
655
7425
5950
9499
3260
7147
5092
776
2173
5000
888
9224
4396
6981
8752
9490
7758
6622
3122
9119
8987
2604
2852
1661
1470
4697
8853
4351
9989
8603
1769
64
4446
6319
659
2895
600
7463
7380
2877
6751
6221
4664
4786
2082
3202
4450
1986
1952
2812
8196
9610
8362
6932
995
5482
3158
1684
4057
110
2356
4327
6340
668
3563
468
8231
3198
2100
6638
6323
435
711
8736
3356
7040
1523
711
6088
9056
8423
6320
3913
1576
8792
4006
3496
2688
7110
8306
7291
7673
4127
2432
2267
7796
9492
7308
3256
6215
8306
9762
2861
149
1066
9281
267
2308
2132
6484
1601
7848
4288
8502
9881
7663
4305
7239
2823
9722
2928
5000
6571
4617
239
195
1250
9657
4878
8840
6783
9940
1654
7033
2893
6272
1048
5785
297
9596
6299
6240
7686
4796
3075
4826
1340
500
6358
2979
8384
1896
8004
7612
3616
960
9912
7062
8841
717
2240
5616
2686
8075
10000
1345
3654
6803
4384
2494
2305
4157
2301
5840
6628
9956
1621
9909
6754
3319
7176
291
4070
7652
7720
5711
95
2922
3998
3410
2980
2550
6055
9630
6694
547
3331
6340
8389
2049
261
1675
2342
132
673
9570
1204
8123
9138
2674
3276
1916
9638
1794
7695
6355
4377
2057
3547
5027
6363
6836
8059
1678
2840
8630
3903
7130
6754
8196
4451
294
6095
9354
8317
3828
7722
2799
2720
7937
5375
6383
5151
5716
9690
7651
9247
7757
6992
6900
8847
5751
892
5623
1100
5995
2090
7241
2231
2610
4294
6266
7033
4722
4754
1273
7990
2974
355
6523
9421
9356
5595
3792
1429
4785
4441
1454
5423
4261
8002
9615
2569
4438
3258
8591
34
81
7265
952
2058
4303
8858
4757
9553
9152
2274
5696
7894
4635
9298
6520
8890
3926
4959
3018
5412
5524
9451
3517
9855
8686
5305
1460
5868
1789
9935
931
6982
7883
3639
320
4952
6474
9933
7024
8174
6125
3359
6314
8504
5951
7545
7039
2010
5520
3740
2826
658
6003
9775
8628
6725
4434
5887
1345
4242
4954
589
4124
4551
5505
9655
1324
6869
6975
4475
5913
1122
9727
7241
4582
3126
8762
6396
2634
3433
4565
1632
19
424
2057
1059
2000
990
9572
3237
9598
801
2402
7095
8967
3649
1388
8020
7443
2952
1941
6094
8889
8188
